0.481969 0.518031 
p
0.436159 0.0122574 0 0.397344 0.153218 0.00102145 
0.360572 0.444331 0.194076 0.00102145 
0.26047 0.171604 0.081716 0.206333 0.223698 0.0224719 0.0306435 0 0.00306435 0 
0.159346 0.840654 
0.0653728 0 0 0.0306435 0.551583 0.0490296 0.147089 0.147089 0.00919305 
0.0572012 0.0572012 0 0.404494 0.462717 0.0183861 0 0 0 
0.0939734 0 0 0.727273 0.165475 0.0132789 
0.0694586 0.188968 0.00919305 0.3238 0.257406 0 0.151175 
e
0.463055 0.0959848 0.00760276 0.379187 0.0541696 0 
0.272036 0.35733 0.370634 0 
0.300546 0.0950344 0.171062 0.245189 0.148254 0.0133048 0.0114041 0.00380138 0.00760276 0.00380138 
0.653837 0.346163 
0 0.0950344 0.0950344 0.809931 0 0 0 0 0 
0.391542 0.41435 0.0114041 0.0114041 0.13685 0 0.0116417 0.0114041 0.0114041 
0.209076 0.0950344 0.0912331 0.283203 0.252792 0.0686624 
0.0228083 0.334521 0.060822 0.446662 0.0323117 0.0456165 0.0572583 
